0.20550000 4200.674 0.01407436
0.54643306 5852.488 0.14102986
0.59654999 6098.803 0.01522185
0.60617672 6145.441 0.02152556
0.65928584 6402.246 0.02855894
0.71556600 6678.988 0.03240427
0.77413248 6965.431 0.40145430
0.78761420 7030.251 0.02091291
0.79483499 7067.218 0.19286858
0.81108525 7147.042 0.02518615
0.83666786 7272.936 0.08404435
0.85921951 7383.980 0.26163953
0.88353635 7503.869 1.00000000
0.91004584 7635.106 0.64703482
0.92797883 7723.761 0.23147621
0.97301622 7948.176 0.09808122
0.98486784 8006.157 0.07019693
0.98630000 8014.786 0.09149953
